1292444
1307528
1292000
1300299
6846495
1300395
25796222
25724855
6011805
1453238
3915458
26598021
1763134
2085498
5308265
2132473
3586725
1428051
1301434
1293471
1296717
3642835
10440138
1309043
5912992
3075287
3011235
1418834
6307447
1305487
1292208
1298070
1294639
1297630
1292849
1296736
1292656
1291843
1297192
2334904
1291572
1652587
1291571
1291548
1306029
1292402
3178770
6791750
1759386
1863766
1437342
1291575
1865703
3269068
1959877
4848115
4824512
11624706
2357162
1793491
1297052
1291585
1307811
1309060
1293318
1937946
